














































































































































































































































































































































































































































21 21 22 22 22 22 23 23 23 23 22 22 
21 24 24 24 24 24 24 24 24 29 29 26 26 26 26 22 22 
23 23 26 26 28 28 32 32 33 33 32 34 32 32 30 29 28 26 23 23 
23 24 28 28 34 34 36 36 38 40 40 41 42 42 42 42 37 39 36 36 32 32 26 26 22 22 
24 24 30 30 37 37 41 42 47 48 49 49 52 52 56 56 54 53 48 48 46 46 42 42 36 35 30 30 24 24 
24 26 30 30 36 37 43 44 48 48 56 57 58 59 61 61 64 64 61 61 58 58 56 54 53 52 45 44 36 36 30 28 23 
21 21 30 32 33 36 40 40 47 47 56 56 60 62 66 66 67 68 70 70 68 68 66 66 63 61 60 57 52 51 42 40 36 34 27 24 
22 22 26 26 36 36 41 42 46 46 53 55 62 62 66 66 70 70 73 73 76 76 76 74 74 73 71 71 67 67 59 59 50 50 44 43 36 34 26 23 
26 26 32 33 43 43 46 46 55 55 62 62 67 67 72 73 76 76 77 77 81 81 83 81 83 83 81 81 77 76 70 70 61 60 54 53 44 43 33 32 22 22 
23 28 31 36 37 47 48 53 55 60 60 66 66 74 74 77 77 78 78 81 81 87 87 87 87 88 88 88 88 86 84 77 77 71 70 63 60 49 47 37 36 26 26 
25 26 34 34 40 40 48 51 57 57 66 66 73 75 79 79 81 81 84 84 86 86 90 90 91 94 95 95 97 97 94 95 88 87 80 79 73 72 58 55 45 44 30 27 
27 28 36 36 42 43 53 54 62 62 69 69 76 76 81 81 84 84 84 84 86 86 90 90 94 94 98 98 98 98 97 98 96 93 86 86 80 76 65 64 52 49 36 34 23 
23 31 33 38 40 46 46 57 57 65 65 71 72 76 76 81 81 84 84 87 87 87 90 93 94 97 97 99 99 104 104 103 104 100 100 96 94 90 87 75 74 59 56 42 40 27 24 
24 24 36 36 43 44 50 51 60 63 66 68 74 74 79 80 84 83 84 85 87 87 90 90 96 96 98 98 102 104 107 107 108 108 107 107 103 103 98 98 85 84 69 66 47 46 33 30 24 21 
27 28 38 38 47 48 54 57 66 66 71 72 75 76 81 82 84 84 85 87 88 88 93 93 97 97 101 101 105 105 110 110 116 117 114 114 110 110 108 107 96 93 78 76 57 54 38 35 25 24 
21 30 31 41 44 51 54 58 61 67 68 73 75 78 78 82 82 84 84 87 88 91 91 96 96 98 101 104 104 108 108 113 113 117 118 118 117 116 117 114 114 103 100 87 84 64 60 43 40 28 28 
23 23 33 34 45 47 55 57 62 64 68 69 76 76 78 78 82 84 86 86 88 88 93 94 96 97 104 104 108 108 110 112 116 116 118 121 121 120 118 118 118 115 108 106 93 88 68 64 46 44 32 29 21 
23 23 34 34 47 48 57 58 64 65 69 70 76 77 80 80 83 84 86 86 88 90 93 94 96 97 107 107 108 109 112 112 117 117 122 122 123 122 122 123 119 118 114 111 97 94 72 68 49 48 34 31 21 
27 27 37 38 48 51 58 61 67 68 77 77 77 80 80 81 83 84 86 86 93 93 96 97 102 102 108 108 111 113 117 117 120 121 126 126 126 126 127 127 128 128 119 118 104 101 82 78 57 54 38 34 21 
27 28 37 40 50 53 62 63 67 70 78 77 78 80 82 83 86 86 88 90 96 96 100 100 104 104 108 110 114 114 117 117 123 123 127 126 126 127 127 128 128 128 120 118 107 104 84 78 58 55 38 34 23 21 
22 30 30 40 43 53 56 63 66 72 72 80 80 82 82 83 86 87 87 93 93 97 98 103 104 107 107 113 114 116 117 118 120 123 125 127 127 126 127 127 128 128 128 123 120 108 106 88 84 63 58 41 37 24 24 
23 31 33 43 44 56 56 66 66 75 76 83 83 83 83 87 87 90 91 97 97 101 101 107 107 109 111 114 114 117 118 121 121 126 126 127 127 129 129 130 130 128 128 122 122 112 109 88 87 66 61 44 40 24 24 
23 23 33 34 45 46 57 58 67 68 75 76 83 83 86 86 87 88 94 94 98 98 104 104 108 108 111 111 114 115 118 118 121 123 126 126 127 127 129 129 129 130 128 127 124 122 112 109 91 87 67 64 44 41 25 24 
23 26 33 36 46 47 57 60 69 72 76 77 86 86 86 86 90 91 96 97 101 101 105 107 108 108 113 113 116 117 118 118 123 123 124 126 126 126 127 129 129 129 127 127 122 121 111 109 91 87 67 64 47 43 27 24 
23 26 34 36 47 48 58 61 70 72 77 79 86 86 87 87 93 93 97 97 104 104 106 107 108 110 113 113 116 116 117 120 121 121 124 123 126 126 126 127 126 126 126 126 122 119 109 106 92 87 67 64 47 43 27 25 
23 26 34 34 47 48 58 61 70 73 77 79 86 86 88 90 93 93 97 98 104 104 106 107 109 110 110 112 116 116 119 120 120 122 123 123 124 125 126 126 126 126 126 126 119 116 106 105 90 86 67 64 47 43 26 24 
24 27 37 38 48 50 62 65 74 75 79 82 89 90 92 92 94 94 98 98 102 102 106 106 108 110 112 112 117 117 120 120 122 122 125 125 126 126 125 125 126 126 122 122 119 118 105 104 87 84 64 61 46 43 27 24 
25 28 37 38 50 52 64 67 75 78 82 84 90 90 92 92 95 95 98 98 102 103 106 107 110 110 112 114 116 117 117 117 120 122 122 123 125 125 125 125 125 125 122 122 116 115 104 101 85 84 64 61 45 42 27 24 
27 27 38 38 50 53 64 68 75 78 84 84 91 91 93 93 96 96 99 102 104 104 107 107 110 110 113 113 116 116 116 116 117 119 120 120 122 122 122 122 123 123 122 119 115 112 103 101 84 81 63 58 44 39 26 24 
27 28 37 40 50 53 67 68 78 78 84 86 91 92 95 95 97 97 102 102 104 106 107 107 110 110 110 111 114 114 116 116 117 117 118 118 120 120 119 119 118 118 117 116 112 110 101 99 81 78 60 54 40 36 24 23 
25 27 37 38 50 53 67 68 77 78 84 86 91 92 95 95 97 97 102 103 106 107 107 107 107 109 110 110 115 115 115 115 116 116 116 116 116 116 116 116 116 116 116 116 108 108 96 96 78 75 55 54 39 36 23 23 
24 26 37 38 50 53 64 67 76 76 83 86 91 93 94 94 97 97 100 103 106 106 107 107 107 107 107 108 112 112 112 112 114 114 115 115 116 114 113 113 113 113 112 112 105 104 93 92 75 72 54 48 36 33 23 
23 26 36 36 49 52 63 64 74 76 82 83 90 90 94 94 96 96 100 100 104 106 107 107 106 106 107 107 106 106 109 109 109 109 110 110 110 110 110 110 110 110 107 106 102 99 90 87 70 66 49 46 33 32 
23 26 36 36 46 49 62 64 73 76 82 82 88 89 93 93 96 96 100 100 104 106 107 106 106 106 106 107 106 106 106 106 106 106 106 108 107 107 106 106 107 107 106 104 100 99 87 86 66 65 46 45 32 30 
23 25 35 35 46 48 59 62 72 72 77 80 87 89 92 92 96 96 100 100 104 104 104 104 104 104 104 106 105 105 105 105 103 103 104 104 105 105 105 105 106 104 100 99 96 93 79 78 63 58 43 40 31 28 
22 22 32 33 45 46 59 61 69 72 76 79 86 86 90 92 96 96 100 100 103 103 103 103 103 103 102 102 104 104 102 102 100 100 102 102 104 104 102 102 100 101 98 98 92 89 78 75 58 56 41 38 29 26 
22 30 30 42 43 55 56 66 66 75 76 86 86 89 90 95 96 99 100 100 100 102 102 100 100 98 98 101 101 97 99 97 97 100 100 102 99 100 101 97 97 94 94 85 84 71 68 56 53 37 36 24 24 
24 27 37 39 52 52 62 65 72 72 82 82 86 88 92 92 96 96 98 98 99 99 96 96 96 96 98 98 96 96 96 96 97 97 96 96 95 95 92 92 87 87 78 77 66 64 50 46 33 30 23 
23 24 35 36 46 49 57 60 67 67 79 80 82 84 88 89 92 95 96 96 96 96 95 95 93 93 95 95 94 94 93 93 93 93 94 94 93 91 88 86 82 80 73 70 60 58 43 40 26 26 
22 22 30 32 43 44 54 56 64 64 76 76 79 80 86 86 90 90 92 92 92 92 90 90 90 90 92 92 93 93 91 91 92 90 92 91 87 88 82 82 76 75 67 66 55 52 36 35 23 22 
27 28 40 40 49 52 58 59 71 73 76 76 82 82 86 86 89 89 89 89 87 87 86 86 90 89 88 88 88 88 88 88 88 88 84 84 76 76 70 69 62 59 47 46 32 30 
24 26 37 38 48 48 58 58 68 71 74 76 80 82 86 86 87 87 87 87 86 86 86 86 87 87 88 87 88 88 87 87 85 85 81 81 74 74 66 66 56 55 45 44 29 26 
23 23 31 33 43 44 50 50 61 62 67 68 73 74 78 80 83 84 86 86 84 84 84 84 85 85 84 85 84 84 84 84 84 83 77 77 69 67 59 59 48 44 36 35 23 23 
27 30 40 40 46 46 56 57 61 63 67 68 76 76 77 79 80 80 80 80 78 80 79 79 80 78 78 78 78 78 77 77 71 71 63 63 53 52 43 42 32 32 22 
23 24 33 35 38 38 47 50 54 56 62 62 69 70 75 75 76 76 76 76 76 76 75 75 74 74 74 73 71 71 70 68 64 64 56 54 46 44 37 36 27 26 
22 26 27 30 30 43 43 47 48 56 56 63 65 69 70 72 73 73 73 73 73 72 72 71 69 68 67 66 64 64 63 58 58 48 48 38 38 31 28 23 21 
22 23 24 24 37 38 44 44 50 50 57 58 63 64 67 67 68 68 68 68 69 69 68 68 62 61 59 58 57 57 49 49 44 42 34 34 26 25 
21 31 34 37 38 44 44 50 51 57 57 59 59 62 62 62 62 65 65 61 59 55 55 52 52 49 49 45 44 38 37 28 28 22 
24 27 30 30 37 37 43 43 47 48 51 51 54 54 54 54 55 55 52 52 48 47 44 44 41 39 36 34 28 28 23 
22 22 26 26 32 32 36 37 43 43 46 46 46 46 46 46 49 49 48 47 41 40 37 36 34 34 27 27 22 22 
23 23 29 29 35 35 36 36 40 40 40 40 41 38 38 38 37 35 32 32 25 25 
22 22 24 24 31 31 33 33 34 34 34 34 34 34 33 34 31 29 28 28 24 22 
22 23 24 24 24 26 24 24 27 24 24 24 24 24 22 21 




























































































































































































































































































